# OpenSearch: Harry Potter
35632
6386
39669
62696
62696
32809
32809
39669
55836
39669
55836
62696
41044
39544
41976
49630
49630
50795
6043
34662
34506
14020
6825
6825
34506
11982
12767
27727
2452
11077
31873
32809
30702
35632
35632
1252
58113
16620
24931
37956
34031
38090
5895
32809
39669
32809
39669
30702
35632
6825
13456
0
3021
37548
11876
45461
43659
10559
5538
6386
13285
34762
34762
37584
0
59435
40863
41406
37300
32439
32370
0
63142
11535
47107
28198
50795
20776
32809
29717
32809
27727
35353
10885
30702
30756
27796
27727
34363
37369
32439
30794
36301
37369
104072
13650
5767
0
