# OpenSearch: Water or Fire or Ice
1072620
1072620
227252
953170
0
190130
132687
357539
41227
653127
182406
0
342992
186997
32487
158852
265375
103032
190130
295437
244746
357539
124766
504118
0
158861
254715
0
0
0
0
23663
11977
11977
286400
26359
154715
25311
0
82271
126715
91603
286400
254715
38714
38714
25311
82747
0
278475
91514
161559
161559
161559
161559
161559
0
293315
91603
20613
21422
20982
27976
73574
86354
64764
225581
0
35025
138314
138314
25311
108300
238359
253717
0
32468
0
0
0
0
0
16234
0
0
26359
0
50624
284612
12720
13988
0
0
59792
0
0
0
83929
0
0
