#primo-3
0.9688704
0.48564208
0.4844352
0.34602517
0.24282716
0.2422176
0.2422176
0.17301258
0.13841006
0.13841006
0.13841006
0.08650733
0.06920503
0.0605544
0.0605544
0.04555319
0.043436013
0.04338245
0.043360904
0.043360904
0.043360904
0.043360904
0.043360904
0.04333935
0.04333935
0.04329782
0.04328929
0.043283623
0.036257647
0.034602515
0.034602515
0.034602515
0.032769855
0.031989623
0.030320304
0.0302772
0.0302772
0.0302772
0.0302772
0.0302772
0.0302772
0.0302772
0.0302772
0.0302772
0.0302772
0.0302772
0.0302772
0.030199146
0.029892702
0.02957932
0.028755857
0.026976993
0.026775088
0.026775088
0.026708232
0.026482046
0.026482044
0.026206192
0.026116762
0.025731273
0.025316
0.024804201
0.024745526
0.024551062
0.024409074
0.024283035
0.024211751
0.023766499
0.023736173
0.023624163
0.023554381
0.023495784
0.023482127
0.02325794
0.023171788
0.023171788
0.023115499
0.02302765
0.022964898
0.022964898
0.022910973
0.02275256
0.02262008
0.022522116
0.022344224
0.022237735
0.022181446
0.022108069
0.022106145
0.02174285
0.021742849
0.021723554
0.021723554
0.021666314
0.021626573
0.021626573
0.021626573
0.021568384
0.021453962
0.021378037
