#primo-2
0.20761509
0.02813717
0.013241022
0.013241022
0.011585894
0.011585894
0.011585894
0.011585894
0.011585894
0.011585894
0.011585894
0.011585894
0.009792839
0.008275638
0.008275638
0.008275638
0.008137711
0.0077239294
0.0077239294
0.0077239294
0.0066707116
0.006620511
0.006620511
0.00641362
0.0060688015
0.005792947
0.005792947
0.005792947
0.005792947
0.005792947
0.0053102016
0.005189515
0.004965385
0.0049653836
0.0049653836
0.0049653836
0.0049653836
0.004827456
0.004827456
0.004787209
0.004758492
0.004593435
0.004137819
0.004137819
0.004137819
0.004137819
0.004137819
0.004137819
0.004137819
0.004137819
0.004137819
0.004137819
0.004137819
0.004137819
0.004137819
0.004137819
0.004137819
0.004137819
0.004137819
0.004137819
0.004137819
0.004096232
0.0039643953
0.0038964467
0.0038964467
0.0038921367
0.003827483
0.003793001
0.0037412783
0.0036817277
0.0035235784
0.0034085026
0.003379219
0.003379219
0.0033444054
0.0033102573
0.0033102555
0.0033102555
0.0033102555
0.0033102555
0.0033102555
0.0033102555
0.0033102555
0.0033102555
0.0033102555
0.0033102555
0.0033102555
0.0033102555
0.0033102555
0.0033102555
0.0033102555
0.0033102555
0.0033102555
0.0033102555
0.0033102555
0.0033102555
0.0033102555
0.0033102555
0.0033102555
0.0033102555
