#primo-1
0.20756114
0.13844302
0.10148811
0.10148811
0.0888021
0.0888021
0.0888021
0.0888021
0.0888021
0.0888021
0.0888021
0.0888021
0.06343007
0.06343007
0.06343007
0.054605015
0.050744057
0.050744057
0.04440105
0.04440105
0.04440105
0.04440105
0.04288424
0.038058043
0.038058043
0.038058043
0.038058043
0.038058043
0.033645514
0.032335546
0.031715035
0.031715035
0.031715035
0.031715035
0.031715035
0.031715035
0.031715035
0.031715035
0.031715035
0.031715035
0.031715035
0.031715035
0.031715035
0.031715035
0.031715035
0.031715035
0.031715035
0.031715035
0.031715035
0.03139628
0.03019823
0.025889121
0.02537203
0.025372028
0.025372028
0.025372028
0.025372028
0.025372028
0.025372028
0.025372028
0.025372028
0.025372028
0.025372028
0.025372028
0.025372028
0.025372028
0.025372028
0.025372028
0.025372028
0.025372028
0.025372028
0.025372028
0.025372028
0.025372028
0.025372028
0.025372028
0.025372028
0.025372028
0.025372028
0.025372028
0.025372028
0.025372028
0.025372028
0.025372028
0.025372028
0.025372028
0.025372028
0.025372028
0.025372028
0.025372028
0.025372028
0.025372028
0.025372028
0.025372028
0.025372028
0.025372028
0.025372028
0.025372028
0.025372028
0.025372028
